static const uint8_t craftingtabletop[64]=
{
	238,64,238,238,238,238,64,238,
	64 ,64 ,64, 64, 64,64, 64, 64,
	238,64,238,238,238,238,64,238,
	238,64,238,238,238,238,64,238,
	238,64,238,238,238,238,64,238,
	238,64,238,238,238,238,64,238,
	64 ,64 ,64, 64, 64,64, 64, 64,
	238,64,238,238,238,238,64,238
};
static const uint8_t planksnorm[64]=
{238,238,238,238,238, 64,238,238
,238,238, 64,238,238,238,238,238
, 64, 64, 64, 64, 64, 64, 64, 64
,238,238,238,238,238, 64,238,238
, 64, 64, 64, 64, 64, 64, 64, 64
,238,238, 64,238,238,238,238,238
, 64,238,238,238,238,238,238,238
, 64, 64, 64, 64, 64, 64, 64, 64};
static const uint8_t planksdarker[64]=
{172,172,172,172,172, 64,172,172
,172,172, 64,172,172,172,172,172
, 64, 64, 64, 64, 64, 64, 64, 64
,172,172,172,172,172, 64,172,172
, 64, 64, 64, 64, 64, 64, 64, 64
,172,172, 64,172,172,172,172,172
, 64,172,172,172,172,172,172,172
, 64, 64, 64, 64, 64, 64, 64, 64};
static const uint8_t plankslighter[64]=
{239,239,239,239,239, 64,239,239
,239,239, 64,239,239,239,239,239
, 64, 64, 64, 64, 64, 64, 64, 64
,239,239,239,239,239, 64,239,239
, 64, 64, 64, 64, 64, 64, 64, 64
,239,239, 64,239,239,239,239,239
, 64,239,239,239,239,239,239,239
, 64, 64, 64, 64, 64, 64, 64, 64};
static const uint8_t furnacefront[64]=
{
	107,107,107,107,107,107,107,107,
	0  ,0  ,107,107,107,107,0  ,0  ,
	0  ,0  ,0  ,107,107,0  ,0  ,0  ,
	107,107,107,107,107,107,107,107,
	172,172,172,172,172,172,172,172,
	0  ,0  ,172,172,172,172,0  ,0  ,
	0  ,0  ,0  ,172,172,0  ,0  ,0  ,
	172,172,172,172,172,172,172,172
};
static const uint8_t cobblestone[64]=
{
	74 ,107,74 ,107,107,74 ,107,74 ,
	74 ,222,107,74 ,74 ,74 ,107,74 ,
	222,222,74 ,74 ,74 ,222,222,107,
	74 ,107,74 ,107,107,222,107,74 ,
	74 ,222,222,107,107,74 ,107,74 ,
	107,222,107,74 ,74 ,74 ,74 ,74 ,
	74 ,107,74 ,74 ,107,74 ,222,222,
	74 ,107,74 ,107,74 ,107,74 ,222,
};
static const uint8_t bedtop[64]
{
	221,221,24,24,24,24,221,221,
	255,255,221,24,24,221,255,255,
	255,255,255,221,221,255,255,255,
	255,255,255,221,221,255,255,255,
	24,24,24,24,24,24,24,24,
	24,24,24,24,24,24,24,24,
	24,24,24,24,24,24,24,24,
	24,24,24,24,24,24,24,24
};
static const uint8_t bedsidetop[64]=
{
	26,26,26,26,97,97,26,26,
	26,26,26,26,97,97,26,26,
	24,24,24,24,24,24,24,24,
	24,24,24,24,24,24,24,24,
	26,26,26,26,97,97,26,26,
	26,26,26,26,97,97,26,26,
	26,26,26,26,97,97,26,26,
	26,26,26,26,97,97,26,26,
};
/*
static const uint8_t bedsidebottom[64]=
{
	26,26,97,97,26,26,26,26,
	26,26,97,97,26,26,26,26,
	26,26,97,97,26,26,26,26,
	26,26,97,97,26,26,26,26,
	26,26,97,97,26,26,26,26,
	26,26,97,97,26,26,26,26,
	24,24,24,24,24,24,24,24,
	24,24,24,24,24,24,24,24,
};*/
static const uint8_t bedsidefront[64]=
{
	26,26,97,97,97,97,26,26,
	26,26,97,97,97,97,26,26,
	26,26,97,97,97,97,26,26,
	26,26,97,97,97,97,26,26,
	26,26,97,97,97,97,26,26,
	26,26,97,97,97,97,26,26,
	24,24,24,24,24,24,24,24,
	24,24,24,24,24,24,24,24,
};
static const uint8_t glass[64]=
{
	26,26,26,255,255,26,26,26,
	26,255,26,255,255,26,26,26,
	26,26,26,255,255,26,26,26,
	255,255,255,255,255,255,255,255,
	255,255,255,255,255,255,255,255,
	26,26,26,255,255,26,26,26,
	26,26,26,255,255,26,255,26,
	26,26,26,255,255,26,26,26,
};
static const uint8_t doorfronttop[64]=
{
	163,163,163,163,163,163,163,163,
	163,26,26,163,163,26,26,163,
	163,26,26,163,163,26,26,163,
	163,163,163,163,163,163,163,163,
	163,163,163,163,163,163,163,163,
	163,26,26,163,163,26,26,163,
	163,26,26,163,163,26,26,163,
	163,163,163,163,163,163,163,163
};
static const uint8_t brown[64]=
{
	163,163,163,163,163,163,163,163,
	163,163,163,163,163,163,163,163,
	163,163,163,163,163,163,163,163,
	163,163,163,163,163,163,163,163,
	163,163,163,163,163,163,163,163,
	163,163,163,163,163,163,163,163,
	163,163,163,163,163,163,163,163,
	163,163,163,163,163,163,163,163,
};
static const uint8_t clear[64]=
{
	26,26,26,26,26,26,26,26,
	26,26,26,26,26,26,26,26,
	26,26,26,26,26,26,26,26,
	26,26,26,26,26,26,26,26,
	26,26,26,26,26,26,26,26,
	26,26,26,26,26,26,26,26,
	26,26,26,26,26,26,26,26,
	26,26,26,26,26,26,26,26,
};
static const uint8_t doorarch[64]=
{
	26,26,26,163,163,26,26,26,
	26,26,26,163,163,26,26,26,
	26,26,26,163,163,26,26,26,
	163,163,163,163,163,163,163,163,
	26,26,26,163,163,26,26,26,
	26,26,26,163,163,26,26,26,
	26,26,26,163,163,26,26,26,
	26,26,26,163,163,26,26,26,
};
static const uint8_t doorbottomarch[64]=
{
	26,26,26,163,163,26,26,26,
	26,26,26,163,163,26,26,26,
	26,26,26,163,163,26,26,26,
	26,26,26,163,163,26,26,26,
	26,26,26,163,163,26,26,26,
	26,26,26,163,163,26,26,26,
	26,26,26,163,163,26,26,26,
	26,26,26,163,163,26,26,26,
};
static const uint8_t skeletopf[64]=
{


	0,0,0,214,214,0,0,0,
	106,214,214,214,214,214,214,106,
	214,0 , 0  ,214,214,0   ,0 ,214,
	214,214,214,214,214,214,214,214,
	
	97,214,255,107,107,214,107,26,
	26,97,214,255,107,26,26,107,
	107,214,97,97,107,107,214,26,
	214,26,107,107,107,214,107,214,
};
static const uint8_t skeletope[64]=
{
	

	214,214,214,214,214,214,214,214,
	214,214,214,214,214,214,214,214,
	214,214,214,214,214,214,214,214,
	214,214,214,214,214,214,214,214,
	
	214,214,26,107,107,214,107,26,
	26,107,214,107,107,26,26,107,
	107,214,26,107,107,107,214,26,
	214,26,107,107,107,214,107,214,
};
static const uint8_t skelebottom[64]=
{	
	26,107,97 ,97 ,26 ,107 ,107,26,
	26,97 ,107,255,26 ,107 ,107,26,
	97,107,255,26 ,26 ,107 ,107,26,
	107,107,107,107,107,107,107,107,
	
	26,107,107,26 ,26 ,107 ,107,26,
	26,107,107,26 ,26 ,107 ,107,26,
	26,107,107,26 ,26 ,107 ,107,26,
	26,107,107,26 ,26 ,107 ,107,26,
};
static const uint8_t grey[64]=
{
	214,214,214,214,214,214,214,214,
	214,214,214,214,214,214,214,214,
	214,214,214,214,214,214,214,214,
	214,214,214,214,214,214,214,214,
	214,214,214,214,214,214,214,214,
	214,214,214,214,214,214,214,214,
	214,214,214,214,214,214,214,214,
	214,214,214,214,214,214,214,214,
};
static const uint8_t sheepface[64]=
{	
	244,204,204,255,    255,204,204,244,
	204,255,0  ,255,    255,0  ,255,204,
	204,204,204,255,    255,204,204,204,	
	255,255,255,255,    255,255,255,255,
	
	26,107,107,26,      26,107,107,26,
	26,107,107,26,      26,107,107,26,
	255,255,255,255,   255,255,255,255,
	171,204,255,255,   255,255,204,171,
	
};
static const uint8_t sheepside[64]=
{
	255,255,255,255,    255,255,255,255,
	255,255,255,255,    255,255,255,255,
	255,255,255,255,    255,255,255,255,
	255,255,255,255,    255,255,255,255,
	
	26,26,26,26,        26,26,26,26,
	26,26,26,26,        26,26,26,26,
	255,255,255,255,    255,255,255,255,
	255,255,255,255,    255,255,255,255,

};
static const uint8_t sheepback[64]=
{
	255,255,255,255,    255,255,255,255,
	255,255,255,255,    255,255,255,255,
	255,255,255,255,    255,255,255,255,
	255,255,255,255,    255,255,255,255,
	
	26,107,107,26,      26,107,107,26,
	26,107,107,26,      26,107,107,26,
	255,255,255,255,    255,255,255,255,
	255,255,255,255,    255,255,255,255,

};
static const uint8_t zombieface[64]=
{36, 45, 45, 45, 45, 45, 45,  36
, 45,  0,  0, 45, 45,  0,  0, 45
, 45,  0,  0, 45, 45,  0,  0, 45
, 45, 45, 45, 45, 45, 45, 45, 45
,158,158, 45, 45, 45, 45,158,158
,158,158, 45, 45, 45, 45,158,158
,158,158,158,158,158,158,158,158
,158,158,158,158,158,158,158,158
};
static const uint8_t zombiehead[64]=
{45, 45, 45, 45, 45, 45, 45, 45
, 45, 45, 45, 45, 45, 45, 45, 45
, 45, 45, 45, 45, 45, 45, 45, 45
, 45, 45, 45, 45, 45, 45, 45, 45
,158,158,158,158,158,158,158,158
,158,158,158,158,158,158,158,158
,158,158,158,158,158,158,158,158
,158,158,158,158,158,158,158,158};

static const uint8_t zombielegs[64]=
{58, 58, 58,255,255, 58, 58, 58
,158,158, 45, 45, 45, 45,158,158
,158,158, 45, 45, 45, 45,158,158
,158,158, 45, 45, 45, 45,158,158
,115,115,115,26 ,26 ,115,115,115
, 58, 58, 58,26 ,26 , 58, 58, 58
, 58, 58, 58,26 ,26 , 58, 58, 58
, 58, 58, 58,26 ,26 , 58, 58, 58
};
static const uint8_t zombieheadtop[64]=
{45, 45, 45, 45, 45, 45, 45, 45
, 45, 45, 45, 45, 45, 45, 45, 45
, 45, 45, 45, 45, 45, 45, 45, 45
, 45, 45, 45, 45, 45, 45, 45, 45
, 45, 45, 45, 45, 45, 45, 45, 45
, 45, 45, 45, 45, 45, 45, 45, 45
, 45, 45, 45, 45, 45, 45, 45, 45
, 45, 45, 45, 45, 45, 45, 45, 45
};
static const uint8_t magmablocky[64]=
{128,128,128,227,128,128,227,227
,227,227,227,128,128,227,128,128
,128,227,128,128,227,128,128,128
,227,128,128,227,128,227,128,128
,128,128,227,128,128,227,128,128
,128,227,128,128,128,227,128,227
,227,128,227,227,128,128,227,128
,227,128,128,128,227,227,128,128};
static const uint8_t magmablockx[64]=
{96, 96, 96,195, 96, 96,195,195
,195,195,195, 96, 96,195, 96, 96
, 96,195, 96, 96,195, 96, 96, 96
,195, 96, 96,195,128,195, 96, 96
, 96, 96,195, 96, 96,195, 96, 96
, 96,195, 96, 96, 96,195, 96,195
,195, 96,195,195, 96, 96,195, 96
,195, 96, 96, 96,195,195, 96, 96};
static const uint8_t fire[64]=
{230,227,232,193,193,232,227,230
,227,232,232,193,193,232,227,230
,232,232,193,193,193,193,232,227
,232,193,193,193,193,193,193,232
,255,255,230,232,232,255,255,255
,255,230,227,232,232,230,255,255
,255,230,227,232,232,230,230,255
,230,227,227,232,232,227,230,255};
static const uint8_t firetop[64]=
{255,230,227,230,230,227,232,232
,232,193,193,193,193,193,193,227
,227,193,193,193,193,193,193,230
,227,193,193,193,193,193,193,232
,227,193,193,193,193,193,193,232
,230,193,193,193,193,193,193,227
,227,193,193,193,193,193,193,232
,232,227,232,230,230,232,227,255};

static const uint8_t cactusside[64]=
{ 4,  2,255,  2,  2,  4,  2,255
,  4,  2,  4,  2,  2,255,  2,  4
,255,  2,  4,255,  2,  4,  2,  4
,  4,  2,  4,  2,255,  4,  2,255
,255,  2,  4,255,255,  4,  2,  4
,  4,  2,  4,  2,  2,  4,255,  4
,  4,255,  4,  2,  2,  4,  2,  4
,  4,  2,  4,  2,  2,255,  2,  4};

static const uint8_t cactustop[64]=
{ 4,  4,  4,  4,  4,  4,  4,  4
,  4,  4,255,  2,  2,  2,  4,255
,  4,  2,  4,  4,  4,  4,  2,  4
,255,  2,255,  2,  2,255,  2,  4
,255,  2,  4,  2,  2,255,  2,  4
,  4,  2,  4,255,  4,  4,  2,  4
,  4,  4,255,  2,  2,  2,  4,  4
,255,  4,  4,  4,255,  4,255,  4};

static const uint8_t sandstoneside[64]=
{246,246,246,237,246,246,246,237
,237,237,237,246,237,237,246,246
,247,247,237,237,247,247,237,237
,247,247,247,247,247,247,247,247
,246,237,237,246,237,237,237,246
,246,246,246,237,246,237,246,237
,237,246,246,246,237,246,246,246
,246,246,237,237,246,246,237,246};
static const uint8_t sandstonesidedarker[64]=
{181,181,181,172,181,181,181,172
,172,172,172,181,172,172,181,181
,213,213,172,172,213,213,172,172
,213,213,213,213,213,213,213,213
,181,172,172,181,172,172,172,181
,181,181,181,172,181,172,181,172
,172,181,181,181,172,181,181,181
,181,181,172,172,181,181,172,181};
static const uint8_t sandstonetop[64]=
{247,246,246,247,247,247,247,247
,247,247,247,247,247,247,247,247
,246,247,247,247,246,247,247,247
,247,247,247,246,247,247,247,247
,247,247,247,247,246,247,247,247
,247,247,246,247,247,247,246,247
,247,247,247,247,247,247,247,247
,247,247,247,247,247,246,247,247};

static const uint8_t ironorex[64]=
{237,237,237,140,140,140,140,140
,140,237,140,140,237,237,140,140
,140,140,140,140,237,237,237,140
,237,140,237,237,140,140,140,140
,140,140,237,140,140,237,237,140
,140,237,237,237,140,140,140,140
,140,140,140,140,140,237,237,237
,140,140,140,140,140,140,237,140};
static const uint8_t ironorey[64]=
{237,237,237,172,172,172,172,172
,172,237,172,172,237,237,172,172
,172,172,172,172,237,237,237,172
,237,172,237,237,172,172,172,172
,172,172,237,172,172,237,237,172
,172,237,237,237,172,172,172,172
,172,172,172,172,172,237,237,237
,172,172,172,172,172,172,237,172};
static const uint8_t ironorez[64]=
{237,237,237,139,139,139,139,139
,139,237,139,139,237,237,139,139
,139,139,139,139,237,237,237,139
,237,139,237,237,139,139,139,139
,139,139,237,139,139,237,237,139
,139,237,237,237,139,139,139,139
,139,139,139,139,139,237,237,237
,139,139,139,139,139,139,237,139};

static const uint8_t goldorex[64]=
{229,229,229,140,140,140,140,140
,140,229,140,140,229,229,140,140
,140,140,140,140,229,229,229,140
,229,140,229,229,140,140,140,140
,140,140,229,140,140,229,229,140
,140,229,229,229,140,140,140,140
,140,140,140,140,140,229,229,229
,140,140,140,140,140,140,229,140};
static const uint8_t goldorey[64]=
{231,231,231,172,172,172,172,172
,172,231,172,172,231,231,172,172
,172,172,172,172,231,231,231,172
,231,172,231,231,172,172,172,172
,172,172,231,172,172,231,231,172
,172,231,231,231,172,172,172,172
,172,172,172,172,172,231,231,231
,172,172,172,172,172,172,231,172};
static const uint8_t goldorez[64]=
{230,230,230,139,139,139,139,139
,139,230,139,139,230,230,139,139
,139,139,139,139,230,230,230,139
,230,139,230,230,139,139,139,139
,139,139,230,139,139,230,230,139
,139,230,230,230,139,139,139,139
,139,139,139,139,139,230,230,230
,139,139,139,139,139,139,230,139};

static const uint8_t diamondorex[64]=
{30,30,30,140,140,140,140,140
,140,30,140,140,30,30,140,140
,140,140,140,140,30,30,30,140
,30,140,30,30,140,140,140,140
,140,140,30,140,140,30,30,140
,140,30,30,30,140,140,140,140
,140,140,140,140,140,30,30,30
,140,140,140,140,140,140,30,140};
static const uint8_t diamondorey[64]=
{159,159,159,172,172,172,172,172
,172,159,172,172,159,159,172,172
,172,172,172,172,159,159,159,172
,159,172,159,159,172,172,172,172
,172,172,159,172,172,159,159,172
,172,159,159,159,172,172,172,172
,172,172,172,172,172,159,159,159
,172,172,172,172,172,172,159,172};
static const uint8_t diamondorez[64]=
{31,31,31,139,139,139,139,139
,139,31,139,139,31,31,139,139
,139,139,139,139,31,31,31,139
,31,139,31,31,139,139,139,139
,139,139,31,139,139,31,31,139
,139,31,31,31,139,139,139,139
,139,139,139,139,139,31,31,31
,139,139,139,139,139,139,31,139};

static const uint8_t redstoneorex[64]=
{192,192,192,140,140,140,140,140
,140,192,140,140,192,192,140,140
,140,140,140,140,192,192,192,140
,192,140,192,192,140,140,140,140
,140,140,192,140,140,192,192,140
,140,192,192,192,140,140,140,140
,140,140,140,140,140,192,192,192
,140,140,140,140,140,140,192,140};
static const uint8_t redstoneorey[64]=
{192,192,192,172,172,172,172,172
,172,192,172,172,192,192,172,172
,172,172,172,172,192,192,192,172
,192,172,192,192,172,172,172,172
,172,172,192,172,172,192,192,172
,172,192,192,192,172,172,172,172
,172,172,172,172,172,192,192,192
,172,172,172,172,172,172,192,172};
static const uint8_t redstoneorez[64]=
{192,192,192,139,139,139,139,139
,139,192,139,139,192,192,139,139
,139,139,139,139,192,192,192,139
,192,139,192,192,139,139,139,139
,139,139,192,139,139,192,192,139
,139,192,192,192,139,139,139,139
,139,139,139,139,139,192,192,192
,139,139,139,139,139,139,192,139};

static const uint8_t coalorex[64]=
{0,0,0,140,140,140,140,140
,140,0,140,140,0,0,140,140
,140,140,140,140,0,0,0,140
,0,140,0,0,140,140,140,140
,140,140,0,140,140,0,0,140
,140,0,0,0,140,140,140,140
,140,140,140,140,140,0,0,0
,140,140,140,140,140,140,0,140};
static const uint8_t coalorey[64]=
{0,0,0,172,172,172,172,172
,172,0,172,172,0,0,172,172
,172,172,172,172,0,0,0,172
,0,172,0,0,172,172,172,172
,172,172,0,172,172,0,0,172
,172,0,0,0,172,172,172,172
,172,172,172,172,172,0,0,0
,172,172,172,172,172,172,0,172};
static const uint8_t coalorez[64]=
{0,0,0,139,139,139,139,139
,139,0,139,139,0,0,139,139
,139,139,139,139,0,0,0,139
,0,139,0,0,139,139,139,139
,139,139,0,139,139,0,0,139
,139,0,0,0,139,139,139,139
,139,139,139,139,139,0,0,0
,139,139,139,139,139,139,0,139};

static const uint8_t tntxz[64]=
{181,  0,  0,  0,  0,  0,  0,181
,115,115,115,115,115,115,115,115
,232,128,128,232,232,128,128,232
,232,128,128,232,232,128,128,232
,232,128,128,232,232,128,128,232
,232,128,128,232,232,128,128,232
,115,181,  0,115,115,  0,181,115
,115,181,  0,115,115,  0,181,115};

static const uint8_t tnty[64]=
{128,128,232,232,232,232,128,128
,128,232,128,128,128,128,232,128
,232,128,128,128,128,128,128,232
,232,128,128,232,232,128,128,232
,232,128,128,232,232,128,128,232
,232,128,128,128,128,128,128,232
,128,232,128,128,128,128,232,128
,128,128,232,232,232,232,128,128};
static const uint8_t explosionxyz[64]=
{214,214,214,214,26,26,26,214
,214,214,214,214,26,214,26,26
,214,214,214,26,214,26,26,214
,214,26,26,214,26,214,26,26
,26,214,214,26,214,26,214,26
,26,26,26,214,26,214,214,214
,26,214,26,26,26,214,214,26
,214,214,214,26,214,26,26,26};
static const uint8_t graveltxt[64]=
{107, 74,140,107,140, 74,107,140
,222,107,107,107,222,107,107,107
,107,107,107,222,107,222,107,107
,107,107,140,222,107,222,107,107
,222,140,107,107,107,107,140,140
,140, 74,107,222,107, 74,140,222
,140,140,222,107,140,222, 74,222
,107,222,222,107,140,222,107,107};
static const uint8_t netherportaltxt[64]=
{113,113,184,113,113,113,184,184
,113,184,113,113,113,113,113,113
,184,113,113,113,113,113,184,184
,113,113,113,113,113,113,113,113
,113,113,113,113,113,113,113,113
,184,184,113,113,113,113,184,184
,113,113,184,113,113,184,113,113
,184,113,184,113,113,184,113,113};
static const uint8_t waterslabside[64]=
{26,26,26,26,26,26,26,26,
26,26,26,26,26,26,26,26,
26,26,26,26,26,26,26,26,
26,26,26,26,26,26,26,26,
28,28,28,28,28,28,28,28,
28,28,28,28,28,28,28,28,
28,28,28,28,28,28,28,28,
28,28,28,28,28,28,28,28};
static const uint8_t pigfrontside[64]=
{252,252,252,252,252,252,252,252
,252,252,252,252,252,252,252,252
,252,252,252,252,252,252,252,252
,252,252,252,252,252,252,252,252
,26,26,147,147,26,26,26,26
,26,26,147,147,26,26,26,26
,252,252,252,252,252,252,252,252
,252,252,252,252,252,252,252,252};
static const uint8_t pigface[64]=
{253,147,252,252,252,252,147,253
,252,252,252,252,252,252,252,252
,252,252,255,  0,  0,255,252,252
,252,252,252,252,252,252,252,252
,26,26,147,147,147,147,26,26
,26,26,147,147,147,147,26,26
,252,252,252,252,252,252,252,252
,253,253,252,252,252,252,253,253};
static const uint8_t pigbackside[64]=
{252,252,252,252,252,252,252,252
,252,252,252,252,252,252,252,252
,252,252,252,252,252,252,252,252
,252,252,252,252,252,252,252,252
,26,26,26,26,147,147,26,26
,26,26,26,26,147,147,26,26
,252,252,252,252,252,252,252,252
,252,252,252,252,252,252,252,252};
static const uint8_t pigback[64]=
{252,252,252,252,252,252,252,252
,252,252,252,252,252,252,252,252
,252,252,252,252,252,252,252,252
,252,252,252,252,252,252,252,252
,26,26,147,147,147,147,26,26
,26,26,147,147,147,147,26,26
,252,252,252,252,252,252,252,252
,252,252,252,252,252,252,252,252};
static const uint8_t pigtop[64]=
{253,253,253,253,253,253,253,253
,253,253,253,253,253,253,253,253
,253,253,253,253,253,253,253,253
,253,253,253,253,253,253,253,253
,253,253,253,253,253,253,253,253
,253,253,253,253,253,253,253,253
,253,253,253,253,253,253,253,253
,253,253,253,253,253,253,253,253};

static const uint8_t piglinlegs[64]=
{244,244,244,26,26,244,244,244
,171,171,253,253,253,253,171,171
,171,171,253,253,253,253,171,171
,171,171,253,253,253,253,171,171
,  0,  0,  0,26,26,  0,  0,  0
,244,244,244,26,26,244,244,244
,244,244,244,26,26,244,244,244
,244,244,244,26,26,244,244,244};
static const uint8_t piglintopside[64]=
{244,244,244,244,244,244,244,244
,244,244,244,244,244,244,244,244
,244,244,244,244,244,244,244,244
,244,244,244,244,244,244,244,244
,171,171,253,253,253,253,171,171
,171,171,253,253,253,253,171,171
,171,171,253,253,253,253,171,171
,171,171,253,253,253,253,171,171};
static const uint8_t piglinface[64]=
{244,213,244,244,244,244,213,244
,147,244,244,244,244,244,244,147
,244,244,255,244,244,255,244,244
,244,244,244,244,244,244,244,244
,171,171,252,252,252,252,171,171
,171,171,252,252,252,252,171,171
,171,171,171,171,171,171,171,171
,171,171,171,171,171,171,171,171};